00000000000000000000000010010011
00000000000000000000000000010011
00000000000000000000000000010011
00000000000000000000000000010011
00000001010000000000000100010011
00000000000000000000000000010011
00000000000000000000000000010011
00000000000000000000000000010011
00000000000100001100000010010011
00000000000000000000000000010011
00000000000000000000000000010011
00000000000000000000000000010011
00000000000000001001010001100011
00000000000100011000000110010011
00000000000100100000001000010011
11111111111100010000000100010011
00000000000000000000000000010011
00000000000000000000000000010011
00000000000000000000000000010011
11111100000000010001101011100011
00000001111000000000111100010011
