00000000000100000000000010010011
00000000000000000000000000010011
00000000000000000000000000010011
00000000000000000000000000010011
00000000001000000000000100010011
00000000000000000000000000010011
00000000000000000000000000010011
00000000000000000000000000010011
00000000001000001000000110110011
00000000000000000000000000010011
00000000000000000000000000010011
00000000000000000000000000010011
01000000000100010000001000110011
00000000000000000000000000010011
00000000000000000000000000010011
00000000000000000000000000010011
00000000001000001110001010110011
00000000000000000000000000010011
00000000000000000000000000010011
00000000000000000000000000010011
00000000001000011111001100110011
00000000000000000000000000010011
00000000000000000000000000010011
00000000000000000000000000010011
00000000000100001100001110110011
00000000000000000000000000010011
00000000000000000000000000010011
00000000000000000000000000010011
00000000000100111001001110010011
00000000000000000000000000010011
00000000000000000000000000010011
00000000000000000000000000010011
00000000001100000010000000100011
00000000000000000000000000010011
00000000000000000000000000010011
00000000000000000000000000010011
00000000000000000010010000000011
00000000000000000000000000010011
00000000000000000000000000010011
00000000000000000000000000010011
00000000001101000001100001100011
00000000000000000000000000010011
00000000000000000000000000010011
00000000000000000000000000010011
00000000100000011000010001100011
00000000000000000000000000010011
00000000000000000000000000010011
00000000000000000000000000010011
00000000000000000000000000010011
00000000000100000000111010110011
00000000000000000000000000010011
00000000000000000000000000010011
00000000000000000000000000010011
00000000100000000000000011101111
00000000000000000000000000010011
00000000000000000000000000010011
00000000000000000000000000010011
00000000000000000000000000010011
00000001111000000000111100010011